2;zhenshi>> estimateMultipleCameraPoses
相机的旋转矩阵: 
    0.9762   -0.0109    0.2165
    0.2157    0.1451   -0.9656
   -0.0209    0.9894    0.1440

相机的平移向量: 
   1.0e+03 *

    0.0746   -0.7252   -1.1547


>> estimateMultipleCameraPoses
相机的旋转矩阵: 
    0.9761   -0.0198    0.2162
    0.2166    0.1598   -0.9631
   -0.0155    0.9870    0.1603

相机的平移向量: 
   1.0e+03 *

    0.0695   -0.7144   -1.1664 预测

3:真实 >> estimateMultipleCameraPoses
相机的旋转矩阵: 
    0.6683    0.6979    0.2577
    0.1554    0.2077   -0.9658
   -0.7275    0.6854    0.0304

相机的平移向量: 
   1.0e+03 *

    0.5451   -0.4296   -1.0707

Yuci:>> estimateMultipleCameraPoses
相机的旋转矩阵: 
    0.6524    0.7097    0.2661
    0.1476    0.2254   -0.9630
   -0.7434    0.6675    0.0423

相机的平移向量: 
   1.0e+03 *

    0.5462   -0.4281   -1.0793

4:zhenshi:>> estimateMultipleCameraPoses
相机的旋转矩阵: 
    0.1172   -0.6205    0.7754
   -0.8833    0.2918    0.3670
   -0.4539   -0.7279   -0.5139

相机的平移向量: 
  279.9696  360.8594 -837.2593

>> estimateMultipleCameraPoses
相机的旋转矩阵: 
    0.1231   -0.6238    0.7718
   -0.8757    0.2976    0.3802
   -0.4668   -0.7227   -0.5097

相机的平移向量: 
  285.7223  363.8689 -835.0883

5:zhenshi>> estimateMultipleCameraPoses
相机的旋转矩阵: 
   -0.5889    0.6330   -0.5025
   -0.3029    0.4036    0.8633
    0.7493    0.6607   -0.0460

相机的平移向量: 
   1.0e+03 *

   -0.7276   -0.4627   -1.0761

Yuck:
>> estimateMultipleCameraPoses
相机的旋转矩阵: 
   -0.5894    0.6324   -0.5027
   -0.3031    0.4037    0.8632
    0.7488    0.6611   -0.0463

相机的平移向量: 
   1.0e+03 *

   -0.7274   -0.4632   -1.0758

6:zhenshi:相机的旋转矩阵: 
    0.8421   -0.2995   -0.4486
    0.4334   -0.1195    0.8932
   -0.3211   -0.9466    0.0292

相机的平移向量: 
   1.0e+03 *

    0.3607    0.7796   -1.1201

Yuck:>> estimateMultipleCameraPoses
相机的旋转矩阵: 
    0.8178   -0.2046   -0.5659
    0.5387   -0.2069    0.8167
   -0.2025   -0.9728   -0.0129

相机的平移向量: 
   1.0e+03 *

    0.3593    0.7765   -1.1239

7:>> estimateMultipleCameraPoses
相机的旋转矩阵: 
    0.0774    0.0326    0.9965
   -0.2539    0.9672   -0.0119
   -0.9641   -0.2521    0.0831

相机的平移向量: 
   1.0e+03 *

    0.6937    0.2894   -1.1335

Yuck:>> estimateMultipleCameraPoses
相机的旋转矩阵: 
    0.1070    0.1056    0.9886
   -0.2293    0.9702   -0.0788
   -0.9675   -0.2183    0.1280

相机的平移向量: 
   1.0e+03 *

    0.7033    0.2784   -1.1456
8:>> estimateMultipleCameraPoses
相机的旋转矩阵: 
   -0.0264    0.8586    0.5119
   -0.1026   -0.5117    0.8530
    0.9944   -0.0300    0.1016

相机的平移向量: 
   1.0e+03 *

   -0.5084    0.0729   -1.1223
Yuci:
>> estimateMultipleCameraPoses
相机的旋转矩阵: 
   -0.0504    0.8393    0.5413
   -0.0916   -0.5436    0.8343
    0.9945   -0.0075    0.1043

相机的平移向量: 
   1.0e+03 *

   -0.4951    0.0651   -1.1226
9:>> estimateMultipleCameraPoses
相机的旋转矩阵: 
   -0.2646    0.5815    0.7693
   -0.1454   -0.8127    0.5643
    0.9533    0.0375    0.2996

相机的平移向量: 
   1.0e+03 *

   -0.4755    0.0178   -1.2114
Yuck
> estimateMultipleCameraPoses
相机的旋转矩阵: 
   -0.2028    0.5544    0.8072
   -0.1206   -0.8322    0.5413
    0.9718    0.0124    0.2357

相机的平移向量: 
   1.0e+03 *

   -0.4835    0.0200   -1.2130
10:>> estimateMultipleCameraPoses
相机的旋转矩阵: 
   -0.3400    0.4577    0.8215
   -0.0296   -0.8784    0.4771
    0.9400    0.1379    0.3122

相机的平移向量: 
   1.0e+03 *

   -0.3757   -0.0070   -1.1943
Yuck:
>> estimateMultipleCameraPoses
相机的旋转矩阵: 
   -0.3284    0.5720    0.7517
   -0.0985   -0.8122    0.5750
    0.9394    0.1148    0.3231

相机的平移向量: 
   1.0e+03 *

   -0.3780    0.0007   -1.1963



